0 7
0 1
0 8
1 0
1 41
1 2
2 1
2 3
2 10
3 2
3 43
3 4
4 3
4 5
4 12
5 4
5 45
5 6
6 5
6 7
6 14
7 6
7 47
7 0
8 15
8 0
8 9
9 8
9 10
9 17
10 9
10 2
10 11
11 10
11 12
11 19
12 11
12 4
12 13
13 12
13 14
13 21
14 13
14 6
14 15
15 14
15 8
15 23
16 23
16 17
16 24
17 16
17 9
17 18
18 17
18 19
18 26
19 18
19 11
19 20
20 19
20 21
20 28
21 20
21 13
21 22
22 21
22 23
22 30
23 22
23 15
23 16
24 31
24 16
24 25
25 24
25 26
25 33
26 25
26 18
26 27
27 26
27 28
27 35
28 27
28 20
28 29
29 28
29 30
29 37
30 29
30 22
30 31
31 30
31 24
31 39
32 39
32 33
32 40
33 32
33 25
33 34
34 33
34 35
34 42
35 34
35 27
35 36
36 35
36 37
36 44
37 36
37 29
37 38
38 37
38 39
38 46
39 38
39 31
39 32
40 47
40 32
40 41
41 40
41 42
41 1
42 41
42 34
42 43
43 42
43 44
43 3
44 43
44 36
44 45
45 44
45 46
45 5
46 45
46 38
46 47
47 46
47 40
47 7